Initial parameter:
[ 3.00214832  0.69511992 -0.74255576 -0.8961538   4.10992762  4.73501243
  2.81160499  3.58356207  2.41569656  4.87523331  4.12615906 -0.9827935
  4.38722995 -0.78897561  3.58456038  0.10367681  4.42351312  2.40210118
  0.88314535  1.65582214 -0.82206226 -0.21910514  3.21365747  3.06641163
  2.86657869  1.41071717  5.26565482  5.16277019  3.30738732  3.08695617
  3.32563838  1.44366538 -0.15116362  3.53324494  2.30089856  0.94930719
  2.05259359  4.58881689  4.8687685   1.24809352  2.59102784  1.02236503
  2.73409722  1.12315885  1.46061475  4.59375873  0.42727325  2.91560031
 -0.47211603  4.23165747  3.94548452  0.50400257  4.50711284 -0.63200618
  1.11188578 -0.05576626  1.82956569  4.00345295  0.44916774 -0.67314053
  1.54187418  0.24729424 -0.4297818   2.64633592  0.87676315  3.22226834
  0.25359251  4.91947125  1.29405484 -0.33715361  2.95280309  4.82548387]


============================================================
Iteration count...
Iteration: 100 / 1000,   Value of cost_func: 62.1320
Iteration: 200 / 1000,   Value of cost_func: 59.8392
Iteration: 300 / 1000,   Value of cost_func: 56.6848
Iteration: 400 / 1000,   Value of cost_func: 51.9348
Iteration: 500 / 1000,   Value of cost_func: 48.0724
Iteration: 600 / 1000,   Value of cost_func: 44.0352
Iteration: 700 / 1000,   Value of cost_func: 41.8144
Iteration: 800 / 1000,   Value of cost_func: 40.5212
Iteration: 900 / 1000,   Value of cost_func: 37.5052
============================================================

Optimized parameter:
[ 2.95001848  0.70569383 -0.74426364 -0.90814559  4.25145856  4.59933742
  2.70516186  3.67900721  2.36641013  5.81651484  3.9488678  -0.97987515
  4.66671825 -0.80889173  3.54711693  0.10356288  4.55412398  2.40791356
  0.69013196  1.7084363  -0.91096255 -0.20814387  3.12822824  2.97783874
  2.73885212  1.43824404  4.99978411  4.82724181  3.18178586  2.94771274
  3.38378124  1.57281007 -0.14906051  3.41000045  2.1762135   1.01717687
  2.00196241  4.92197666  4.6850073   1.24040659  2.3839487   1.03090024
  2.87192954  1.16065143  1.55466073  3.49548     0.42015533  2.82192261
 -0.46622565  4.43231723  4.29689329  0.49535862  4.73806258 -0.62938171
  1.1831012  -0.05390018  1.65145898  4.51965507  0.44582906 -0.66659623
  1.62209277  0.23943697 -0.43481834  2.90518272  0.86195912  3.22213984
  0.24827345  4.63902482  1.34447302 -0.33698332  3.17281801  4.91209431]

Final value of cost function:  35.6392


c_depth = 2